342	1	0	0
669	1	1	0
637	1	1	0
612	1	1	0
360	1	0	0
395	1	0	0
419	1	0	0
591	1	1	0
573	1	1	0
442	1	1	0
559	1	1	0
407	1	0	0
549	1	1	0
422	1	0	0
423	1	0	0
540	1	1	0
532	1	1	0
526	1	1	0
442	1	0	0
419	1	0	0
428	1	1	0
414	1	0	0
522	1	1	0
517	1	1	0
415	1	0	0
423	1	0	0
514	1	0	0
523	1	1	0
520	1	1	0
428	1	0	0
519	1	1	0
443	1	1	0
413	1	0	0
436	1	0	0
517	1	1	0
517	1	1	0
432	1	0	0
514	1	0	0
441	1	0	0
517	1	1	0
517	1	1	0
436	1	0	0
431	1	0	0
434	1	0	0
517	1	1	0
444	1	0	0
517	1	0	0
519	1	1	0
519	1	1	0
427	1	0	0
455	1	0	0
519	1	1	0
516	1	1	0
436	1	0	0
516	1	1	0
456	1	1	0
516	1	1	0
442	1	0	0
440	1	0	0
516	1	1	0
513	1	1	0
446	1	0	0
513	1	1	0
513	1	0	0
516	1	0	0
456	1	0	0
517	1	1	0
442	1	0	0
445	1	0	0
442	1	0	0
452	1	0	0
517	1	1	0
517	1	1	0
517	1	1	0
462	1	0	0
455	1	0	0
514	1	1	0
514	1	1	0
472	1	1	0
454	1	1	0
439	1	0	0
514	1	1	0
447	1	0	0
457	1	0	0
514	1	1	0
513	1	1	0
513	1	1	0
513	1	1	0
446	1	1	0
461	1	0	0
511	1	1	0
511	1	0	0
448	1	0	0
513	1	1	0
449	1	0	0
438	1	0	0
511	1	1	0
448	1	1	0
511	1	1	0
444	1	0	0
510	1	1	0
510	1	1	0
510	1	1	0
440	1	0	0
508	1	1	0
448	1	0	0
460	1	0	0
470	1	0	0
455	1	0	0
508	1	1	0
508	1	1	0
508	1	1	0
508	1	1	0
471	1	1	0
508	1	1	0
468	1	1	0
508	1	1	0
463	1	1	0
451	1	1	0
450	1	0	0
508	1	1	0
452	1	0	0
508	1	1	0
445	1	0	0
505	1	1	0
450	1	0	0
505	1	1	0
505	1	1	0
459	1	0	0
451	1	0	0
505	1	1	0
505	1	1	0
465	1	0	0
505	1	1	0
505	1	1	0
465	1	0	0
459	1	0	0
475	1	0	0
469	1	0	0
505	1	1	0
472	1	1	0
505	1	0	0
463	1	0	0
507	1	0	0
517	1	1	0
516	1	0	0
456	1	0	0
485	1	1	0
467	1	0	0
525	1	1	0
478	1	1	0
523	1	1	0
464	1	0	0
453	1	0	0
522	1	0	0
459	1	0	0
470	1	1	0
529	1	1	0
529	1	1	0
528	1	1	0
450	1	0	0
526	1	1	0
464	1	1	0
439	1	1	0
440	1	0	0
431	1	0	0
526	1	1	0
525	1	1	0
525	1	1	0
523	1	1	0
435	1	0	0
522	1	1	0
433	1	0	0
427	1	0	0
522	1	1	0
520	1	1	0
469	1	0	0
478	1	1	0
520	1	1	0
519	1	1	0
458	1	0	0
519	1	1	0
517	1	1	0
435	1	0	0
471	1	1	0
516	1	1	0
439	1	0	0
442	1	0	0
514	1	1	0
510	1	1	0
464	1	0	0
463	1	0	0
466	1	0	0
510	1	1	0
510	1	1	0
508	1	1	0
463	1	1	0
508	1	1	0
508	1	1	0
446	1	0	0
