669	1	1	0
637	1	1	0
323	1	0	0
368	1	0	0
377	1	0	0
612	1	1	0
404	1	0	0
591	1	1	0
573	1	1	0
437	1	0	0
559	1	1	0
428	1	0	0
456	1	0	0
467	1	0	0
549	1	1	0
471	1	1	0
540	1	1	0
532	1	1	0
526	1	1	0
433	1	0	0
454	1	0	0
522	1	1	0
450	1	0	0
517	1	0	0
528	1	1	0
467	1	0	0
525	1	0	0
535	1	1	0
461	1	1	0
451	1	0	0
532	1	1	0
446	1	0	0
456	1	0	0
529	1	1	0
528	1	1	0
461	1	0	0
468	1	0	0
523	1	1	0
465	1	1	0
523	1	1	0
457	1	0	0
523	1	1	0
523	1	1	0
461	1	0	0
449	1	1	0
456	1	1	0
520	1	1	0
520	1	1	0
442	1	0	0
516	1	0	0
522	1	1	0
520	1	1	0
446	1	0	0
520	1	1	0
462	1	0	0
450	1	0	0
520	1	1	0
444	1	0	0
519	1	1	0
447	1	1	0
519	1	0	0
520	1	1	0
520	1	0	0
439	1	0	0
458	1	0	0
463	1	0	0
452	1	0	0
460	1	0	0
522	1	0	0
525	1	1	0
442	1	0	0
523	1	1	0
453	1	0	0
523	1	0	0
529	1	1	0
453	1	1	0
525	1	1	0
430	1	0	0
525	1	1	0
462	1	0	0
525	1	1	0
462	1	1	0
431	1	0	0
522	1	1	0
522	1	1	0
522	1	1	0
454	1	0	0
463	1	0	0
427	1	0	0
522	1	1	0
522	1	1	0
522	1	1	0
447	1	0	0
446	1	0	0
517	1	1	0
458	1	0	0
517	1	0	0
477	1	0	0
469	1	1	0
522	1	1	0
522	1	1	0
436	1	0	0
476	1	1	0
460	1	1	0
456	1	0	0
439	1	0	0
522	1	0	0
526	1	1	0
525	1	1	0
523	1	0	0
441	1	0	0
458	1	0	0
459	1	0	0
452	1	1	0
529	1	1	0
529	1	1	0
528	1	1	0
517	1	1	0
517	1	1	0
450	1	0	0
516	1	1	0
516	1	1	0
455	1	1	0
451	1	0	0
514	1	1	0
459	1	1	0
514	1	1	0
436	1	0	0
513	1	1	0
462	1	0	0
463	1	1	0
513	1	1	0
436	1	1	0
424	1	0	0
511	1	1	0
535	1	1	0
437	1	0	0
511	1	1	0
430	1	0	0
535	1	1	0
442	1	0	0
437	1	0	0
511	1	1	0
535	1	1	0
510	1	1	0
535	1	1	0
440	1	1	0
510	1	1	0
416	1	0	0
429	1	0	0
424	1	0	0
436	1	0	0
445	1	0	0
535	1	1	0
422	1	0	0
510	1	1	0
535	1	1	0
510	1	1	0
427	1	0	0
508	1	1	0
535	1	1	0
449	1	0	0
508	1	1	0
534	1	1	0
427	1	0	0
448	1	0	0
461	1	0	0
508	1	1	0
532	1	1	0
472	1	0	0
508	1	1	0
458	1	0	0
466	1	0	0
532	1	1	0
468	1	1	0
508	1	1	0
508	1	1	0
458	1	0	0
474	1	1	0
508	1	1	0
451	1	0	0
508	1	0	0
532	1	1	0
531	1	1	0
531	1	1	0
510	1	1	0
436	1	0	0
455	1	0	0
458	1	1	0
445	1	0	0
529	1	1	0
449	1	0	0
454	1	0	0
510	1	1	0
457	1	1	0
443	1	0	0
510	1	1	0
528	1	1	0
443	1	0	0
510	1	1	0
