511	1	1	0
370	1	0	0
450	1	0	0
489	1	1	0
474	1	1	0
445	1	0	0
451	1	0	0
451	1	0	0
475	1	1	0
458	1	0	0
479	1	0	0
475	1	0	0
472	1	1	0
495	1	1	0
460	1	1	0
472	1	1	0
470	1	1	0
455	1	0	0
457	1	0	0
452	1	0	0
461	1	0	0
481	1	0	0
482	1	1	0
500	1	0	0
513	1	1	0
502	1	1	0
503	1	1	0
481	1	1	0
481	1	1	0
477	1	0	0
503	1	1	0
449	1	1	0
443	1	0	0
441	1	0	0
497	1	0	0
508	1	1	0
502	1	1	0
424	1	1	0
419	1	0	0
436	1	0	0
421	1	0	0
429	1	0	0
517	1	1	0
452	1	1	0
434	1	0	0
499	1	1	0
440	1	0	0
496	1	1	0
439	1	1	0
429	1	0	0
428	1	1	0
421	1	0	0
429	1	1	0
426	1	0	0
431	1	0	0
503	1	1	0
412	1	0	0
504	1	0	0
512	1	0	0
531	1	1	0
525	1	1	0
519	1	1	0
430	1	0	0
524	1	1	0
433	1	1	0
419	1	0	0
517	1	1	0
423	1	0	0
507	1	0	0
508	1	1	0
411	1	0	0
525	1	1	0
418	1	0	0
523	1	1	0
424	1	0	0
510	1	1	0
503	1	0	0
523	1	1	0
429	1	0	0
526	1	1	0
433	1	0	0
499	1	0	0
517	1	1	0
429	1	0	0
508	1	1	0
422	1	0	0
510	1	1	0
449	1	1	0
439	1	0	0
504	1	1	0
434	1	1	0
429	1	0	0
520	1	1	0
427	1	0	0
500	1	1	0
441	1	0	0
501	1	1	0
446	1	1	0
499	1	0	0
431	1	0	0
505	1	1	0
421	1	0	0
504	1	1	0
442	1	0	0
506	1	0	0
504	1	1	0
441	1	0	0
511	1	1	0
437	1	0	0
493	1	1	0
504	1	1	0
441	1	1	0
426	1	0	0
511	1	1	0
429	1	0	0
489	1	1	0
498	1	0	0
446	1	1	0
421	1	0	0
501	1	1	0
443	1	0	0
498	1	1	0
507	1	1	0
429	1	0	0
490	1	1	0
422	1	0	0
510	1	1	0
448	1	0	0
484	1	1	0
487	1	0	0
440	1	0	0
435	1	1	0
504	1	1	0
441	1	0	0
512	1	0	0
510	1	1	0
441	1	0	0
504	1	1	0
449	1	1	0
508	1	0	0
425	1	0	0
515	1	0	0
521	1	0	0
508	1	0	0
519	1	1	0
505	1	1	0
443	1	0	0
513	1	0	0
512	1	0	0
529	1	1	0
528	1	1	0
439	1	1	0
423	1	0	0
525	1	1	0
423	1	0	0
524	1	1	0
431	1	1	0
433	1	0	0
528	1	1	0
415	1	0	0
510	1	1	0
438	1	1	0
417	1	1	0
409	1	0	0
410	1	0	0
436	1	0	0
510	1	1	0
512	1	1	0
426	1	0	0
524	1	1	0
424	1	0	0
507	1	1	0
419	1	0	0
515	1	1	0
425	1	0	0
524	1	0	0
517	1	1	0
503	1	1	0
422	1	0	0
498	1	0	0
440	1	1	0
422	1	0	0
507	1	1	0
520	1	0	0
530	1	1	0
433	1	0	0
517	1	1	0
414	1	0	0
517	1	1	0
425	1	0	0
523	1	1	0
438	1	0	0
514	1	1	0
441	1	0	0
510	1	0	0
520	1	1	0
433	1	1	0
426	1	1	0
437	1	0	0
513	1	1	0
