498	1	0	0
650	1	1	0
577	1	1	0
522	1	1	0
474	1	0	0
499	1	0	0
505	1	0	0
513	1	1	0
500	1	0	0
500	1	1	0
503	1	0	0
521	1	1	0
516	1	1	0
514	1	0	0
510	1	1	0
511	1	1	0
490	1	1	0
474	1	0	0
491	1	0	0
481	1	1	0
480	1	0	0
468	1	0	0
526	1	1	0
493	1	1	0
465	1	1	0
457	1	0	0
438	1	0	0
457	1	0	0
540	1	1	0
466	1	0	0
541	1	0	0
552	1	1	0
552	1	0	0
548	1	1	0
566	1	1	0
563	1	1	0
463	1	0	0
546	1	1	0
442	1	0	0
550	1	1	0
456	1	0	0
536	1	1	0
536	1	0	0
550	1	1	0
448	1	1	0
438	1	0	0
462	1	0	0
445	1	1	0
450	1	0	0
435	1	1	0
431	1	0	0
430	1	0	0
550	1	1	0
426	1	0	0
442	1	0	0
553	1	1	0
454	1	0	0
552	1	1	0
439	1	0	0
554	1	1	0
453	1	0	0
463	1	1	0
557	1	1	0
456	1	0	0
554	1	0	0
544	1	1	0
552	1	0	0
556	1	1	0
552	1	1	0
438	1	0	0
449	1	0	0
557	1	1	0
446	1	0	0
536	1	1	0
452	1	0	0
558	1	1	0
457	1	0	0
536	1	1	0
469	1	1	0
534	1	0	0
458	1	0	0
549	1	0	0
560	1	1	0
547	1	1	0
439	1	0	0
566	1	1	0
458	1	0	0
540	1	0	0
542	1	0	0
558	1	1	0
460	1	0	0
544	1	1	0
470	1	1	0
451	1	0	0
558	1	1	0
467	1	1	0
447	1	0	0
551	1	1	0
463	1	0	0
556	1	1	0
440	1	0	0
554	1	1	0
447	1	0	0
542	1	1	0
462	1	0	0
553	1	1	0
460	1	0	0
552	1	1	0
474	1	1	0
554	1	1	0
458	1	0	0
546	1	1	0
453	1	0	0
548	1	0	0
468	1	0	0
557	1	1	0
470	1	0	0
536	1	0	0
473	1	0	0
535	1	0	0
465	1	0	0
545	1	1	0
468	1	0	0
460	1	0	0
545	1	1	0
474	1	0	0
546	1	1	0
480	1	0	0
459	1	1	0
555	1	1	0
463	1	0	0
556	1	0	0
561	1	0	0
555	1	1	0
564	1	0	0
548	1	1	0
571	1	1	0
464	1	0	0
560	1	0	0
552	1	1	0
553	1	1	0
456	1	0	0
461	1	0	0
565	1	1	0
474	1	0	0
468	1	1	0
551	1	0	0
556	1	1	0
547	1	1	0
454	1	0	0
455	1	0	0
541	1	1	0
457	1	0	0
543	1	1	0
479	1	0	0
482	1	0	0
568	1	0	0
546	1	1	0
545	1	1	0
469	1	1	0
561	1	1	0
472	1	0	0
549	1	1	0
458	1	0	0
564	1	1	0
458	1	0	0
482	1	0	0
541	1	1	0
463	1	1	0
552	1	1	0
475	1	0	0
453	1	0	0
564	1	0	0
544	1	1	0
552	1	1	0
471	1	0	0
540	1	0	0
468	1	0	0
547	1	1	0
456	1	0	0
566	1	1	0
465	1	0	0
476	1	0	0
553	1	1	0
479	1	0	0
465	1	0	0
538	1	1	0
480	1	0	0
472	1	1	0
548	1	1	0
543	1	1	0
464	1	0	0
551	1	0	0
547	1	1	0
475	1	1	0
554	1	1	0
466	1	0	0
566	1	1	0
484	1	0	0
485	1	0	0
