337	1	0	0
669	1	1	0
360	1	0	0
386	1	1	0
637	1	1	0
612	1	1	0
323	1	0	0
591	1	1	0
573	1	1	0
338	1	1	0
559	1	1	0
288	1	0	0
549	1	1	0
312	1	0	0
320	1	0	0
540	1	1	0
532	1	1	0
322	1	0	0
526	1	0	0
346	1	0	0
543	1	0	0
565	1	1	0
330	1	0	0
556	1	0	0
364	1	0	0
365	1	0	0
580	1	1	0
372	1	0	0
387	1	0	0
570	1	1	0
565	1	1	0
561	1	1	0
392	1	0	0
394	1	0	0
561	1	0	0
571	1	1	0
424	1	0	0
412	1	0	0
567	1	1	0
436	1	1	0
396	1	0	0
419	1	0	0
564	1	1	0
562	1	1	0
412	1	0	0
559	1	1	0
559	1	1	0
555	1	0	0
436	1	0	0
419	1	0	0
429	1	0	0
561	1	0	0
565	1	1	0
425	1	0	0
564	1	1	0
447	1	0	0
438	1	0	0
564	1	1	0
467	1	0	0
561	1	0	0
473	1	0	0
455	1	0	0
564	1	1	0
479	1	0	0
564	1	1	0
564	1	1	0
564	1	1	0
463	1	0	0
485	1	1	0
561	1	1	0
480	1	1	0
561	1	1	0
460	1	0	0
457	1	0	0
472	1	1	0
561	1	0	0
564	1	1	0
561	1	1	0
474	1	0	0
561	1	1	0
561	1	1	0
466	1	0	0
469	1	0	0
478	1	1	0
559	1	1	0
559	1	1	0
480	1	1	0
559	1	1	0
559	1	1	0
467	1	0	0
464	1	1	0
559	1	1	0
555	1	0	0
469	1	0	0
559	1	0	0
559	1	1	0
461	1	1	0
559	1	1	0
442	1	0	0
441	1	0	0
559	1	1	0
439	1	0	0
559	1	1	0
465	1	1	0
555	1	1	0
555	1	1	0
446	1	0	0
553	1	0	0
460	1	0	0
453	1	0	0
556	1	1	0
452	1	0	0
555	1	1	0
553	1	1	0
458	1	0	0
467	1	0	0
552	1	0	0
453	1	0	0
555	1	1	0
465	1	0	0
553	1	0	0
559	1	1	0
555	1	1	0
553	1	1	0
456	1	0	0
451	1	0	0
462	1	0	0
467	1	0	0
552	1	1	0
456	1	1	0
550	1	1	0
466	1	1	0
549	1	1	0
440	1	1	0
547	1	1	0
546	1	1	0
544	1	1	0
442	1	0	0
436	1	1	0
432	1	1	0
403	1	1	0
541	1	1	0
401	1	0	0
540	1	1	0
537	1	1	0
395	1	0	0
534	1	0	0
394	1	0	0
401	1	0	0
538	1	0	0
405	1	0	0
543	1	1	0
540	1	1	0
388	1	0	0
397	1	1	0
537	1	1	0
534	1	0	0
374	1	0	0
540	1	1	0
380	1	0	0
402	1	1	0
375	1	0	0
537	1	1	0
387	1	0	0
373	1	0	0
532	1	1	0
393	1	1	0
531	1	1	0
528	1	0	0
532	1	1	0
373	1	0	0
529	1	0	0
371	1	0	0
534	1	0	0
579	1	1	0
540	1	1	0
371	1	0	0
382	1	0	0
537	1	1	0
363	1	0	0
388	1	0	0
534	1	0	0
540	1	1	0
363	1	0	0
397	1	1	0
580	1	0	0
391	1	0	0
399	1	0	0
589	1	1	0
588	1	1	0
586	1	1	0
585	1	1	0
367	1	0	0
585	1	1	0
583	1	1	0
397	1	0	0
365	1	0	0
407	1	0	0
362	1	0	0
582	1	0	0
