669	1	1	0
359	1	0	0
612	1	1	0
411	1	1	0
642	1	1	0
622	1	1	0
392	1	1	0
342	1	0	0
628	1	1	0
371	1	0	0
618	1	1	0
615	1	1	0
390	1	0	0
387	1	0	0
606	1	1	0
603	1	1	0
406	1	0	0
407	1	0	0
404	1	0	0
582	1	1	0
430	1	0	0
437	1	1	0
585	1	1	0
582	1	1	0
576	1	1	0
571	1	1	0
422	1	0	0
561	1	1	0
455	1	0	0
450	1	0	0
546	1	1	0
459	1	0	0
471	1	1	0
547	1	0	0
561	1	1	0
432	1	1	0
432	1	1	0
423	1	1	0
586	1	1	0
586	1	1	0
408	1	0	0
420	1	0	0
424	1	0	0
574	1	1	0
573	1	1	0
434	1	0	0
573	1	1	0
565	1	0	0
573	1	1	0
428	1	0	0
418	1	0	0
571	1	0	0
420	1	0	0
574	1	0	0
410	1	0	0
574	1	1	0
574	1	1	0
441	1	0	0
431	1	0	0
562	1	1	0
448	1	1	0
562	1	1	0
561	1	1	0
447	1	1	0
431	1	0	0
559	1	1	0
439	1	1	0
414	1	1	0
600	1	0	0
613	1	1	0
405	1	0	0
383	1	0	0
389	1	0	0
606	1	1	0
384	1	0	0
601	1	1	0
454	1	0	0
550	1	1	0
547	1	1	0
544	1	0	0
549	1	1	0
455	1	0	0
463	1	1	0
398	1	0	0
449	1	1	0
407	1	1	0
613	1	1	0
612	1	1	0
607	1	1	0
607	1	1	0
606	1	1	0
444	1	1	0
598	1	1	0
398	1	0	0
591	1	1	0
399	1	0	0
561	1	1	0
440	1	0	0
441	1	0	0
552	1	1	0
455	1	0	0
455	1	0	0
449	1	0	0
541	1	0	0
546	1	1	0
544	1	1	0
463	1	0	0
538	1	1	0
464	1	0	0
534	1	1	0
464	1	1	0
535	1	1	0
532	1	1	0
531	1	1	0
478	1	0	0
484	1	0	0
473	1	1	0
467	1	1	0
531	1	1	0
529	1	1	0
462	1	0	0
525	1	1	0
522	1	0	0
525	1	0	0
478	1	0	0
526	1	0	0
454	1	1	0
396	1	0	0
458	1	1	0
610	1	1	0
396	1	1	0
372	1	0	0
618	1	1	0
394	1	0	0
384	1	0	0
540	1	1	0
456	1	0	0
534	1	0	0
615	1	1	0
538	1	1	0
537	1	1	0
477	1	1	0
377	1	0	0
612	1	1	0
467	1	0	0
537	1	1	0
469	1	1	0
610	1	1	0
465	1	1	0
607	1	1	0
454	1	0	0
541	1	0	0
398	1	0	0
444	1	0	0
604	1	1	0
546	1	0	0
549	1	1	0
395	1	0	0
465	1	0	0
546	1	1	0
543	1	1	0
540	1	1	0
457	1	1	0
409	1	0	0
464	1	0	0
463	1	0	0
538	1	1	0
535	1	1	0
469	1	1	0
606	1	1	0
538	1	1	0
478	1	1	0
603	1	1	0
389	1	0	0
448	1	1	0
544	1	1	0
601	1	1	0
543	1	0	0
391	1	0	0
461	1	0	0
442	1	0	0
448	1	1	0
598	1	1	0
448	1	0	0
598	1	1	0
467	1	1	0
409	1	0	0
549	1	1	0
594	1	1	0
547	1	1	0
546	1	1	0
411	1	0	0
544	1	0	0
417	1	1	0
461	1	1	0
392	1	0	0
552	1	1	0
595	1	1	0
550	1	1	0
392	1	0	0
