669	1	1	0
637	1	1	0
375	1	0	0
403	1	0	0
576	1	1	0
433	1	0	0
443	1	0	0
543	1	1	0
469	1	0	0
528	1	0	0
546	1	0	0
568	1	1	0
440	1	0	0
440	1	1	0
417	1	0	0
570	1	1	0
564	1	1	0
430	1	0	0
558	1	1	0
431	1	0	0
429	1	1	0
568	1	0	0
589	1	1	0
412	1	0	0
409	1	0	0
435	1	0	0
568	1	1	0
565	1	1	0
439	1	1	0
571	1	1	0
428	1	0	0
422	1	0	0
565	1	0	0
423	1	0	0
568	1	1	0
429	1	1	0
579	1	1	0
423	1	0	0
568	1	0	0
573	1	1	0
435	1	0	0
568	1	0	0
416	1	0	0
573	1	1	0
573	1	1	0
439	1	1	0
435	1	0	0
428	1	1	0
574	1	1	0
573	1	1	0
573	1	1	0
426	1	1	0
428	1	0	0
576	1	1	0
574	1	1	0
570	1	1	0
570	1	1	0
430	1	1	0
409	1	0	0
413	1	0	0
429	1	1	0
432	1	1	0
573	1	1	0
423	1	1	0
418	1	0	0
574	1	1	0
574	1	1	0
574	1	0	0
579	1	1	0
417	1	0	0
576	1	1	0
414	1	0	0
574	1	1	0
434	1	0	0
425	1	0	0
574	1	0	0
580	1	0	0
588	1	1	0
416	1	0	0
407	1	0	0
405	1	1	0
594	1	1	0
405	1	1	0
607	1	1	0
606	1	1	0
604	1	1	0
395	1	0	0
600	1	1	0
406	1	1	0
398	1	0	0
612	1	1	0
391	1	0	0
609	1	1	0
380	1	0	0
402	1	0	0
604	1	0	0
373	1	0	0
616	1	1	0
615	1	1	0
392	1	0	0
612	1	1	0
376	1	0	0
609	1	1	0
403	1	0	0
604	1	1	0
603	1	1	0
408	1	0	0
389	1	0	0
598	1	1	0
418	1	0	0
594	1	1	0
416	1	0	0
414	1	0	0
589	1	1	0
588	1	1	0
588	1	1	0
411	1	1	0
456	1	1	0
414	1	0	0
592	1	1	0
591	1	1	0
591	1	1	0
417	1	0	0
588	1	1	0
427	1	1	0
586	1	1	0
427	1	1	0
412	1	0	0
585	1	1	0
423	1	1	0
414	1	0	0
412	1	0	0
585	1	1	0
585	1	1	0
404	1	0	0
405	1	0	0
583	1	1	0
416	1	0	0
579	1	1	0
579	1	0	0
585	1	1	0
579	1	1	0
585	1	0	0
403	1	0	0
588	1	1	0
425	1	0	0
402	1	0	0
416	1	0	0
567	1	0	0
420	1	0	0
410	1	0	0
421	1	0	0
585	1	1	0
418	1	0	0
583	1	1	0
583	1	0	0
412	1	1	0
404	1	0	0
591	1	1	0
565	1	1	0
565	1	1	0
424	1	1	0
445	1	1	0
396	1	0	0
591	1	1	0
589	1	0	0
594	1	1	0
594	1	1	0
394	1	0	0
440	1	1	0
418	1	0	0
591	1	1	0
591	1	1	0
409	1	1	0
594	1	1	0
405	1	1	0
597	1	1	0
597	1	1	0
410	1	0	0
409	1	0	0
392	1	0	0
565	1	0	0
594	1	1	0
401	1	0	0
592	1	0	0
597	1	1	0
595	1	1	0
399	1	0	0
398	1	0	0
437	1	0	0
427	1	0	0
565	1	1	0
446	1	0	0
564	1	1	0
564	1	1	0
429	1	0	0
561	1	0	0
436	1	0	0
447	1	0	0
561	1	1	0
