322	1	0	0
669	1	1	0
361	1	0	0
637	1	1	0
384	1	0	0
612	1	1	0
416	1	0	0
429	1	0	0
591	1	1	0
573	1	1	0
559	1	1	0
447	1	0	0
549	1	0	0
451	1	1	0
577	1	1	0
407	1	0	0
567	1	0	0
595	1	1	0
420	1	0	0
421	1	0	0
446	1	1	0
583	1	1	0
579	1	1	0
431	1	0	0
574	1	1	0
443	1	0	0
449	1	0	0
571	1	1	0
431	1	0	0
565	1	1	0
565	1	1	0
426	1	1	0
425	1	1	0
562	1	1	0
399	1	0	0
559	1	1	0
555	1	1	0
414	1	0	0
553	1	1	0
409	1	0	0
547	1	0	0
556	1	1	0
410	1	0	0
420	1	1	0
401	1	0	0
426	1	0	0
421	1	0	0
555	1	0	0
561	1	1	0
559	1	1	0
558	1	1	0
420	1	0	0
420	1	0	0
438	1	0	0
556	1	1	0
439	1	0	0
553	1	1	0
429	1	1	0
553	1	1	0
553	1	1	0
426	1	0	0
553	1	0	0
556	1	1	0
438	1	1	0
553	1	1	0
416	1	0	0
415	1	0	0
433	1	0	0
553	1	1	0
552	1	0	0
556	1	1	0
429	1	1	0
410	1	0	0
427	1	0	0
555	1	1	0
555	1	1	0
552	1	1	0
550	1	1	0
424	1	0	0
430	1	0	0
550	1	1	0
434	1	0	0
547	1	1	0
418	1	0	0
546	1	1	0
544	1	1	0
543	1	1	0
430	1	1	0
429	1	0	0
435	1	0	0
440	1	0	0
541	1	1	0
538	1	0	0
544	1	1	0
435	1	0	0
543	1	1	0
428	1	0	0
435	1	0	0
440	1	0	0
537	1	1	0
444	1	0	0
451	1	0	0
535	1	0	0
543	1	1	0
452	1	0	0
543	1	1	0
534	1	0	0
459	1	0	0
466	1	0	0
544	1	1	0
465	1	0	0
455	1	0	0
472	1	1	0
543	1	0	0
546	1	1	0
467	1	1	0
544	1	0	0
547	1	0	0
464	1	1	0
547	1	0	0
558	1	1	0
550	1	1	0
463	1	0	0
550	1	0	0
446	1	0	0
455	1	1	0
558	1	1	0
552	1	1	0
457	1	0	0
468	1	1	0
389	1	0	0
550	1	1	0
549	1	1	0
547	1	1	0
453	1	0	0
547	1	1	0
455	1	0	0
546	1	1	0
473	1	1	0
393	1	0	0
541	1	1	0
540	1	1	0
537	1	1	0
449	1	0	0
534	1	0	0
463	1	0	0
565	1	1	0
453	1	0	0
404	1	0	0
464	1	0	0
540	1	0	0
481	1	1	0
561	1	1	0
454	1	0	0
546	1	1	0
543	1	0	0
547	1	1	0
467	1	1	0
422	1	0	0
442	1	0	0
464	1	1	0
561	1	1	0
547	1	0	0
447	1	0	0
445	1	1	0
549	1	1	0
547	1	1	0
561	1	1	0
402	1	0	0
422	1	0	0
546	1	1	0
434	1	1	0
544	1	1	0
427	1	0	0
541	1	1	0
538	1	1	0
445	1	0	0
421	1	0	0
537	1	0	0
457	1	1	0
429	1	0	0
444	1	0	0
561	1	1	0
413	1	0	0
541	1	1	0
540	1	1	0
456	1	1	0
537	1	1	0
535	1	0	0
428	1	0	0
562	1	0	0
568	1	1	0
441	1	0	0
567	1	1	0
567	1	0	0
442	1	0	0
453	1	0	0
425	1	0	0
463	1	0	0
574	1	1	0
