669	1	1	0
637	1	1	0
334	1	0	0
612	1	1	0
357	1	0	0
396	1	0	0
591	1	1	0
423	1	0	0
419	1	0	0
573	1	1	0
559	1	1	0
452	1	0	0
549	1	1	0
453	1	0	0
469	1	0	0
540	1	0	0
562	1	1	0
475	1	0	0
555	1	0	0
479	1	0	0
492	1	0	0
482	1	0	0
579	1	0	0
485	1	0	0
619	1	1	0
603	1	1	0
595	1	1	0
486	1	0	0
490	1	1	0
588	1	1	0
583	1	1	0
577	1	1	0
574	1	1	0
470	1	0	0
488	1	0	0
568	1	1	0
484	1	0	0
499	1	0	0
496	1	0	0
564	1	1	0
495	1	0	0
561	1	1	0
491	1	0	0
559	1	1	0
553	1	1	0
553	1	0	0
482	1	1	0
478	1	0	0
561	1	1	0
484	1	0	0
469	1	0	0
559	1	1	0
558	1	1	0
493	1	0	0
556	1	1	0
553	1	1	0
499	1	0	0
553	1	1	0
493	1	1	0
469	1	0	0
552	1	1	0
475	1	0	0
550	1	0	0
481	1	0	0
553	1	1	0
486	1	0	0
553	1	0	0
558	1	1	0
497	1	1	0
496	1	1	0
556	1	1	0
493	1	1	0
553	1	1	0
496	1	0	0
553	1	1	0
552	1	1	0
472	1	0	0
552	1	1	0
489	1	0	0
488	1	0	0
549	1	1	0
498	1	0	0
498	1	1	0
494	1	0	0
547	1	1	0
546	1	1	0
544	1	1	0
538	1	1	0
490	1	0	0
496	1	0	0
472	1	0	0
537	1	1	0
497	1	1	0
475	1	0	0
499	1	0	0
535	1	0	0
544	1	1	0
538	1	1	0
498	1	0	0
538	1	1	0
532	1	1	0
477	1	0	0
498	1	1	0
531	1	0	0
538	1	1	0
488	1	0	0
538	1	1	0
474	1	0	0
496	1	1	0
529	1	0	0
493	1	0	0
540	1	1	0
490	1	0	0
485	1	0	0
540	1	1	0
499	1	0	0
540	1	1	0
541	1	1	0
483	1	0	0
541	1	0	0
482	1	1	0
477	1	1	0
528	1	0	0
546	1	1	0
469	1	0	0
487	1	1	0
460	1	0	0
540	1	0	0
564	1	1	0
547	1	0	0
461	1	0	0
490	1	0	0
567	1	1	0
565	1	1	0
547	1	0	0
472	1	0	0
549	1	1	0
546	1	0	0
484	1	0	0
488	1	0	0
475	1	0	0
549	1	1	0
493	1	1	0
483	1	0	0
491	1	1	0
564	1	1	0
549	1	0	0
474	1	0	0
552	1	1	0
547	1	1	0
564	1	1	0
476	1	0	0
546	1	0	0
552	1	0	0
484	1	0	0
553	1	1	0
495	1	0	0
550	1	1	0
471	1	0	0
484	1	0	0
562	1	0	0
486	1	0	0
570	1	1	0
481	1	0	0
472	1	0	0
485	1	1	0
568	1	1	0
491	1	0	0
568	1	1	0
567	1	1	0
493	1	0	0
565	1	1	0
565	1	1	0
471	1	0	0
564	1	1	0
481	1	0	0
547	1	1	0
497	1	0	0
544	1	1	0
491	1	1	0
494	1	0	0
472	1	0	0
543	1	1	0
540	1	1	0
469	1	0	0
538	1	1	0
535	1	1	0
481	1	0	0
532	1	1	0
476	1	0	0
496	1	0	0
531	1	1	0
485	1	0	0
528	1	1	0
494	1	1	0
526	1	0	0
484	1	0	0
529	1	1	0
487	1	0	0
528	1	0	0
