669	1	1	0
355	1	0	0
613	1	1	0
592	1	1	0
574	1	1	0
447	1	0	0
438	1	0	0
454	1	0	0
534	1	1	0
474	1	1	0
446	1	0	0
472	1	1	0
541	1	1	0
460	1	1	0
550	1	1	0
459	1	0	0
445	1	0	0
543	1	1	0
543	1	1	0
538	1	1	0
538	1	1	0
535	1	1	0
476	1	1	0
477	1	0	0
474	1	1	0
535	1	1	0
534	1	1	0
532	1	1	0
457	1	1	0
457	1	0	0
458	1	0	0
534	1	1	0
462	1	1	0
537	1	1	0
535	1	1	0
460	1	1	0
443	1	1	0
432	1	0	0
558	1	1	0
555	1	1	0
448	1	0	0
449	1	0	0
447	1	0	0
544	1	1	0
538	1	1	0
538	1	0	0
547	1	1	0
448	1	0	0
538	1	1	0
459	1	0	0
448	1	0	0
462	1	0	0
535	1	1	0
535	1	1	0
534	1	1	0
534	1	1	0
460	1	0	0
460	1	0	0
454	1	0	0
534	1	1	0
468	1	0	0
460	1	0	0
468	1	0	0
532	1	1	0
532	1	1	0
532	1	1	0
453	1	0	0
477	1	0	0
526	1	1	0
526	1	1	0
526	1	1	0
467	1	0	0
523	1	1	0
474	1	1	0
477	1	0	0
473	1	0	0
523	1	1	0
485	1	1	0
523	1	1	0
522	1	1	0
520	1	1	0
490	1	0	0
473	1	1	0
520	1	1	0
517	1	1	0
495	1	0	0
486	1	1	0
496	1	1	0
519	1	1	0
517	1	1	0
514	1	1	0
475	1	0	0
552	1	1	0
493	1	1	0
513	1	1	0
486	1	1	0
489	1	1	0
485	1	1	0
525	1	1	0
520	1	1	0
473	1	1	0
484	1	1	0
478	1	1	0
534	1	1	0
456	1	0	0
526	1	1	0
526	1	1	0
475	1	0	0
535	1	1	0
525	1	1	0
473	1	1	0
525	1	1	0
537	1	1	0
525	1	1	0
453	1	1	0
459	1	0	0
458	1	1	0
553	1	1	0
552	1	1	0
455	1	0	0
550	1	1	0
453	1	0	0
458	1	0	0
547	1	1	0
547	1	1	0
490	1	0	0
513	1	1	0
476	1	0	0
490	1	1	0
547	1	1	0
513	1	1	0
513	1	1	0
494	1	0	0
510	1	1	0
493	1	0	0
508	1	1	0
507	1	1	0
453	1	0	0
482	1	1	0
488	1	0	0
507	1	0	0
487	1	1	0
549	1	1	0
488	1	1	0
462	1	0	0
513	1	1	0
498	1	0	0
511	1	1	0
510	1	0	0
495	1	1	0
443	1	0	0
544	1	1	0
514	1	1	0
513	1	0	0
451	1	0	0
495	1	0	0
514	1	1	0
513	1	1	0
498	1	1	0
499	1	0	0
486	1	1	0
462	1	1	0
547	1	1	0
445	1	0	0
546	1	1	0
514	1	1	0
474	1	0	0
513	1	1	0
511	1	1	0
492	1	1	0
459	1	0	0
513	1	1	0
511	1	1	0
495	1	0	0
479	1	1	0
511	1	1	0
438	1	0	0
510	1	1	0
510	1	1	0
498	1	1	0
510	1	1	0
549	1	1	0
491	1	0	0
499	1	1	0
482	1	1	0
457	1	0	0
511	1	1	0
511	1	1	0
487	1	1	0
546	1	1	0
511	1	1	0
511	1	1	0
510	1	1	0
508	1	1	0
497	1	0	0
507	1	1	0
449	1	0	0
499	1	1	0
499	1	1	0
466	1	0	0
