338	1	0	0
361	1	0	0
376	1	0	0
592	1	1	0
413	1	0	0
444	1	0	0
550	1	1	0
541	1	0	0
567	1	1	0
558	1	1	0
552	1	1	0
547	1	1	0
546	1	0	0
555	1	1	0
452	1	0	0
441	1	0	0
451	1	0	0
549	1	1	0
462	1	0	0
448	1	0	0
544	1	1	0
456	1	0	0
538	1	1	0
461	1	0	0
473	1	0	0
475	1	0	0
485	1	0	0
519	1	0	0
531	1	1	0
528	1	1	0
525	1	1	0
525	1	1	0
466	1	0	0
492	1	0	0
517	1	1	0
517	1	0	0
478	1	0	0
488	1	0	0
517	1	0	0
482	1	0	0
523	1	1	0
523	1	0	0
459	1	1	0
537	1	1	0
473	1	1	0
540	1	0	0
451	1	0	0
451	1	0	0
540	1	0	0
452	1	0	0
454	1	0	0
459	1	0	0
540	1	1	0
465	1	0	0
450	1	0	0
445	1	0	0
540	1	1	0
538	1	1	0
538	1	1	0
535	1	1	0
534	1	1	0
531	1	0	0
473	1	0	0
538	1	1	0
447	1	0	0
478	1	0	0
520	1	1	0
447	1	1	0
419	1	0	0
567	1	1	0
434	1	0	0
439	1	0	0
564	1	1	0
432	1	0	0
485	1	1	0
517	1	1	0
516	1	1	0
562	1	1	0
514	1	1	0
452	1	0	0
443	1	0	0
514	1	0	0
491	1	0	0
472	1	0	0
491	1	0	0
561	1	1	0
513	1	1	0
559	1	1	0
511	1	1	0
435	1	0	0
510	1	0	0
491	1	0	0
511	1	0	0
514	1	0	0
516	1	0	0
474	1	0	0
477	1	0	0
490	1	0	0
490	1	0	0
513	1	1	0
447	1	0	0
511	1	0	0
514	1	0	0
469	1	0	0
473	1	0	0
514	1	0	0
484	1	0	0
514	1	0	0
528	1	1	0
461	1	0	0
528	1	1	0
528	1	1	0
480	1	0	0
529	1	1	0
469	1	0	0
529	1	0	0
549	1	1	0
486	1	0	0
487	1	0	0
447	1	0	0
497	1	0	0
482	1	0	0
508	1	1	0
435	1	0	0
508	1	0	0
475	1	0	0
480	1	0	0
508	1	1	0
550	1	1	0
507	1	1	0
480	1	0	0
552	1	1	0
481	1	0	0
505	1	0	0
490	1	0	0
549	1	1	0
505	1	0	0
490	1	0	0
507	1	1	0
449	1	0	0
499	1	1	0
499	1	0	0
507	1	0	0
443	1	0	0
508	1	0	0
540	1	1	0
540	1	0	0
547	1	1	0
477	1	0	0
449	1	0	0
510	1	0	0
458	1	0	0
543	1	1	0
499	1	0	0
491	1	1	0
448	1	0	0
538	1	1	0
537	1	1	0
454	1	0	0
534	1	1	0
534	1	1	0
474	1	0	0
531	1	0	0
479	1	0	0
511	1	0	0
538	1	1	0
513	1	1	0
478	1	0	0
475	1	0	0
499	1	0	0
510	1	1	0
510	1	1	0
508	1	1	0
507	1	0	0
496	1	1	0
465	1	0	0
538	1	1	0
466	1	0	0
463	1	0	0
462	1	0	0
535	1	1	0
535	1	1	0
534	1	1	0
455	1	0	0
532	1	0	0
479	1	0	0
486	1	0	0
480	1	0	0
499	1	1	0
510	1	0	0
535	1	1	0
535	1	1	0
461	1	0	0
534	1	1	0
459	1	0	0
462	1	0	0
531	1	1	0
529	1	1	0
470	1	0	0
474	1	0	0
