669	1	1	0
326	1	0	0
364	1	0	0
637	1	1	0
373	1	1	0
612	1	1	0
591	1	1	0
321	1	0	0
347	1	0	0
573	1	1	0
337	1	0	0
356	1	0	0
370	1	0	0
559	1	0	0
595	1	0	0
645	1	1	0
391	1	0	0
625	1	0	0
382	1	0	0
675	1	1	0
655	1	1	0
646	1	1	0
396	1	0	0
411	1	0	0
443	1	0	0
440	1	0	0
637	1	1	0
631	1	1	0
624	1	1	0
450	1	0	0
472	1	0	0
622	1	1	0
470	1	1	0
616	1	1	0
444	1	1	0
609	1	1	0
604	1	1	0
422	1	0	0
594	1	0	0
425	1	0	0
609	1	1	0
437	1	0	0
424	1	1	0
606	1	1	0
422	1	1	0
380	1	0	0
603	1	1	0
601	1	1	0
600	1	1	0
401	1	0	0
598	1	1	0
394	1	0	0
413	1	0	0
422	1	0	0
415	1	0	0
594	1	1	0
592	1	1	0
591	1	1	0
585	1	1	0
423	1	0	0
580	1	0	0
592	1	1	0
591	1	1	0
428	1	0	0
586	1	1	0
586	1	1	0
429	1	0	0
433	1	0	0
427	1	0	0
424	1	0	0
433	1	0	0
579	1	1	0
576	1	1	0
574	1	1	0
439	1	1	0
445	1	0	0
437	1	1	0
570	1	1	0
423	1	1	0
567	1	1	0
564	1	0	0
400	1	0	0
574	1	1	0
436	1	0	0
430	1	0	0
415	1	0	0
438	1	1	0
571	1	1	0
571	1	0	0
577	1	1	0
576	1	1	0
570	1	0	0
577	1	1	0
577	1	1	0
431	1	1	0
405	1	0	0
419	1	0	0
417	1	1	0
577	1	1	0
409	1	0	0
577	1	1	0
405	1	0	0
568	1	1	0
568	1	1	0
408	1	1	0
568	1	1	0
559	1	0	0
395	1	0	0
396	1	0	0
417	1	1	0
403	1	0	0
570	1	1	0
414	1	1	0
568	1	1	0
568	1	1	0
412	1	1	0
414	1	0	0
568	1	1	0
396	1	0	0
558	1	1	0
395	1	0	0
556	1	1	0
417	1	0	0
555	1	1	0
553	1	0	0
413	1	0	0
423	1	0	0
397	1	1	0
556	1	1	0
555	1	0	0
370	1	0	0
558	1	0	0
382	1	0	0
379	1	0	0
570	1	1	0
570	1	1	0
568	1	1	0
377	1	1	0
367	1	0	0
568	1	1	0
370	1	1	0
353	1	0	0
568	1	1	0
363	1	0	0
568	1	1	0
562	1	1	0
562	1	1	0
353	1	0	0
562	1	1	0
361	1	0	0
376	1	0	0
562	1	1	0
556	1	1	0
553	1	1	0
552	1	1	0
369	1	0	0
360	1	1	0
549	1	0	0
347	1	0	0
341	1	0	0
341	1	0	0
350	1	0	0
553	1	1	0
550	1	1	0
361	1	0	0
547	1	1	0
543	1	0	0
362	1	1	0
356	1	0	0
549	1	1	0
544	1	1	0
541	1	1	0
344	1	0	0
344	1	0	0
360	1	0	0
538	1	0	0
361	1	0	0
365	1	0	0
543	1	1	0
540	1	1	0
537	1	0	0
541	1	0	0
433	1	1	0
353	1	0	0
366	1	0	0
351	1	0	0
549	1	1	0
544	1	1	0
540	1	0	0
451	1	0	0
450	1	0	0
546	1	1	0
431	1	1	0
541	1	0	0
355	1	1	0
579	1	1	0
342	1	1	0
323	1	0	0
553	1	1	0
546	1	1	0
